function [wvRamanLines, outWL] = getWVRamanLines(inWL, temperature)
% GETWVRAMANLINES Raman spectra of water vapor at a given temperature.
%
% USAGE:
%    [wvRamanLines, freqShift] = getWVRamanLines(inWL, temperature)
%
% INPUTS:
%    inWL: numeric
%        wavelength of incident light. (m)
%    temperature: numeric
%        ambient temperature. (K)
%
% OUTPUTS:
%    wvRamanLines: numeric
%        Raman differential backscatter cross section of each line (m2 sr-1)
%    outWL: numeric
%        Raman wavelength of each line. (m)
%
% REFERENCES:
%    1.	Avila, G.; Fern¨¢ndez, J.M.; Tejeda, G.; Montero, S. The Raman spectra and cross-sections of H2O, D2O, and HDO in the OH/OD stretching regions. Journal of Molecular Spectroscopy 2004, 228, 38-65, doi:https://doi.org/10.1016/j.jms.2004.06.012.
%
% HISTORY:
%    2024-01-25: first edition by Zhenping
% .. Authors: - zp.yin@whu.edu.cn

% Table 4 in G. Avila et al. / Journal of Molecular Spectroscopy 228 (2004) 38¨C65
paramsTable = [...
            3151.647 1 0 1 020 1 0 1 23.794 4.24E-61 4.29E-62; ...
            3151.870 2 0 2 020 2 0 2 70.091 2.26E-61 1.53E-62; ...
            3152.366 7 0 7 020 7 0 7 586.244 2.16E-60 9.42E-62; ...
            3152.481 3 0 3 020 3 0 3 136.762 9.44E-61 5.28E-62; ...
            3153.245 4 0 4 020 4 0 4 222.053 4.08E-61 2.00E-62; ...
            3153.639 5 0 5 020 5 0 5 325.348 1.52E-60 6.91E-62; ...
            3154.607 6 1 6 020 6 1 6 447.252 1.84E-60 7.78E-62; ...
            3155.855 5 1 5 020 5 1 5 326.626 5.11E-61 2.09E-62; ...
            3156.866 4 1 4 020 4 1 4 224.838 1.23E-60 4.68E-62; ...
            3157.713 3 1 3 020 3 1 3 142.279 3.13E-61 9.72E-63; ...
            3158.421 2 1 2 020 2 1 2 79.496 6.51E-61 9.10E-63; ...
            3158.956 1 1 1 020 1 1 1 37.137 1.34E-61 4.81E-63; ...
            3159.542 1 1 0 020 1 1 0 42.372 3.92E-61 7.62E-63; ...
            3160.170 2 1 1 020 2 1 1 95.176 2.22E-61 5.78E-63; ...
            3161.261 3 1 2 020 3 1 2 173.366 9.74E-61 4.46E-62; ...
            3163.078 4 1 3 020 4 1 3 275.497 4.30E-61 2.19E-62; ...
            3165.997 5 1 4 020 5 1 4 399.458 1.62E-60 8.02E-62; ...
            3175.122 7 1 6 020 7 1 6 704.214 2.37E-60 9.73E-62; ...
            3180.160 4 2 2 020 4 2 2 315.780 4.48E-61 8.25E-63; ...
            3180.412 5 2 3 020 5 2 3 446.511 1.71E-60 5.79E-62; ...
            3180.593 3 2 1 020 3 2 1 212.156 1.01E-60 7.22E-64; ...
            3181.047 2 2 0 020 2 2 0 136.164 2.60E-61 1.58E-62; ...
            3181.244 2 2 1 020 2 2 1 134.902 7.89E-61 5.21E-62; ...
            3181.379 3 2 2 020 3 2 2 206.301 3.40E-61 1.55E-69; ...
            3181.702 4 2 3 020 4 2 3 300.362 1.35E-60 1.32E-62; ...
            3182.307 5 2 4 020 5 2 4 416.209 5.69E-61 1.16E-62; ...
            3183.259 6 2 5 020 6 2 5 552.911 2.09E-60 5.66E-62; ...
            3193.268 3 3 0 100 5 5 0 742.076 3.66E-60 2.74E-60; ...
            3194.590 4 2 3 100 6 4 3 756.725 3.58E-60 2.68E-60; ...
            3207.179 5 1 4 100 7 3 4 842.357 5.77E-60 4.33E-60; ...
            3213.919 5 3 2 020 5 3 2 508.812 1.97E-60 3.43E-63; ...
            3214.885 4 3 1 020 4 3 1 383.843 5.36E-61 2.77E-63; ...
            3215.220 3 3 0 020 3 3 0 285.419 1.37E-60 1.08E-61; ...
            3215.292 3 3 1 020 3 3 1 285.219 4.58E-61 3.62E-62; ...
            3215.349 4 3 2 020 4 3 2 382.517 1.62E-60 9.53E-63; ...
            3215.987 6 3 4 020 6 3 4 648.979 2.44E-60 1.90E-62; ...
            3228.596 4 1 4 100 6 3 4 648.979 2.02E-60 1.52E-60; ...
            3254.423 3 2 1 100 5 4 1 610.341 3.18E-60 2.38E-60; ...
            3258.642 4 4 0 020 4 4 0 488.134 7.74E-61 6.10E-62; ...
            3258.646 5 4 1 020 5 4 1 610.341 2.64E-60 3.85E-62; ...
            3258.655 4 4 1 020 4 4 1 488.108 2.32E-60 1.83E-61; ...
            3258.790 6 4 3 020 6 4 3 756.725 3.13E-60 1.79E-63; ...
            3271.756 6 4 3 100 8 4 5 1122.709 1.99E-59 1.49E-59; ...
            3285.436 5 4 2 001 7 5 2 1059.836 1.93E-59 1.44E-59; ...
            3286.794 6 3 4 100 8 3 6 1006.116 1.08E-59 8.09E-60; ...
            3300.587 2 2 1 100 4 4 1 488.108 2.59E-60 1.94E-60; ...
            3301.835 2 2 0 100 4 4 0 488.134 8.68E-61 6.51E-61; ...
            3302.208 4 1 4 020 2 1 2 79.496 1.38E-61 1.04E-61; ...
            3308.436 5 5 0 020 5 5 0 742.076 3.97E-60 2.84E-61; ...
            3311.581 5 3 2 100 7 3 4 842.357 1.39E-59 1.04E-59; ...
            3312.016 7 0 7 100 9 0 9 920.169 8.46E-60 6.35E-60; ...
            3313.067 5 3 3 001 7 4 3 931.237 2.05E-59 1.54E-59; ...
            3313.510 5 2 3 100 7 2 5 782.410 1.16E-59 8.66E-60; ...
            3313.791 6 2 5 100 8 2 7 885.600 9.39E-60 7.04E-60; ...
            3318.581 3 1 2 100 5 3 2 508.812 3.81E-60 2.85E-60; ...
            3320.409 5 3 2 001 7 4 4 927.744 7.04E-60 5.28E-60; ...
            3330.669 8 1 7 001 10 2 9 1293.634 5.35E-59 4.01E-59; ...
            3334.338 9 1 9 001 11 0 11 1327.110 8.26E-59 6.19E-59; ...
            3336.252 4 4 0 001 6 5 2 888.599 1.21E-59 9.07E-60; ...
            3342.225 5 0 5 020 3 0 3 136.762 2.09E-61 1.56E-61; ...
            3342.299 7 1 6 100 8 3 6 1006.116 1.03E-59 7.72E-60; ...
            3344.583 6 2 4 001 8 3 6 1006.116 2.03E-59 1.52E-59; ...
            3344.861 3 0 3 100 5 2 3 446.511 2.99E-60 2.24E-60; ...
            3345.322 5 1 4 100 7 1 6 704.214 9.08E-60 6.81E-60; ...
            3346.584 7 0 7 100 8 2 7 885.600 9.38E-60 7.03E-60; ...
            3351.640 6 1 6 100 8 1 8 744.163 7.58E-60 5.69E-60; ...
            3352.380 2 1 2 100 4 3 2 382.517 1.78E-60 1.33E-60; ...
            3355.524 5 2 4 100 7 2 6 709.608 2.76E-60 2.07E-60; ...
            3363.786 4 2 2 100 6 2 4 602.774 3.75E-60 2.81E-60; ...
            3366.622 2 1 1 100 4 3 1 383.843 8.54E-61 6.41E-61; ...
            3367.368 4 3 2 001 6 4 2 757.780 5.67E-60 4.26E-60; ...
            3368.585 7 1 6 001 9 2 8 1080.386 1.47E-59 1.10E-59; ...
            3368.763 4 1 4 100 5 3 2 508.812 9.06E-61 6.80E-61; ...
            3369.739 4 3 1 001 6 4 3 756.725 1.77E-59 1.33E-59; ...
            3370.305 4 3 1 100 6 3 3 661.549 2.72E-60 2.04E-60; ...
            3373.273 7 2 6 001 9 1 8 1079.080 4.40E-59 3.30E-59; ...
            3373.540 8 0 8 001 10 1 10 1114.550 7.30E-59 5.47E-59; ...
            3373.613 8 1 8 001 10 0 10 1114.532 2.43E-59 1.83E-59; ...
            3377.021 6 1 6 020 4 1 4 224.838 2.85E-61 2.14E-61; ...
            3379.277 5 2 3 001 7 3 5 816.694 5.53E-60 4.15E-60; ...
            3381.860 4 3 2 100 6 3 4 648.979 6.43E-60 4.82E-60; ...
            3384.897 4 1 3 100 6 1 5 542.906 2.92E-60 2.19E-60; ...
            3385.707 6 0 6 100 7 2 6 709.608 2.92E-60 2.19E-60; ...
            3388.503 4 2 3 001 6 3 3 661.549 1.96E-60 1.47E-60; ...
            3390.065 5 0 5 100 7 0 7 586.244 6.70E-60 5.02E-60; ...
            3390.977 5 1 5 100 7 1 7 586.479 2.23E-60 1.67E-60; ...
            3391.589 6 1 6 100 7 1 6 704.214 8.53E-60 6.39E-60; ...
            3398.404 4 2 3 100 6 2 5 552.911 6.87E-60 5.15E-60; ...
            3400.557 5 1 4 100 6 3 4 648.979 5.67E-60 4.25E-60; ...
            3405.157 6 1 5 001 8 2 7 885.600 3.49E-59 2.62E-59; ...
            3408.074 1 1 1 100 3 3 1 285.219 5.13E-61 3.85E-61; ...
            3410.162 2 0 2 100 4 2 2 315.780 1.01E-60 7.55E-61; ...
            3412.564 7 0 7 001 9 1 9 920.210 2.12E-59 1.59E-59; ...
            3412.744 7 1 7 001 9 0 9 920.169 6.36E-59 4.77E-59; ...
            3413.073 1 1 0 100 3 3 0 285.419 1.74E-60 1.31E-60; ...
            3413.261 7 0 7 020 5 0 5 325.348 3.71E-61 2.78E-61; ...
            3413.673 6 2 5 001 8 1 7 882.890 9.97E-60 7.48E-60; ...
            3416.981 6 2 5 100 7 2 5 782.410 8.40E-60 6.30E-60; ...
            3417.144 4 2 2 001 6 3 4 648.979 1.42E-59 1.07E-59; ...
            3418.253 3 2 1 100 5 2 3 446.511 7.32E-60 5.49E-60; ...
            3419.729 3 3 1 001 5 4 1 610.341 1.08E-59 8.10E-60; ...
            3420.192 3 3 0 001 5 4 2 610.115 3.66E-60 2.75E-60; ...
